1 	1009
0 	883 	1009
3 	4 	5 	6
2 	4 	5 	6
2 	3 	5 	6
2 	3 	4 	6
2 	3 	4 	5
8 	9 	10 	11
7
7 	10 	11 	1308 	1309 	1407
7 	9 	11
7 	9 	10
13 	14 	15 	978 	979 	980 	981
12 	14 	15
12 	13 	15
12 	13 	14
17 	18
16 	18
16 	17
20 	21
19 	21
19 	20
23 	24
22 	24 	190 	191 	351
22 	23 	190 	191 	351
26 	27
25 	27
25 	26
29 	30 	31 	32 	51 	123 	309 	384 	787 	834
28 	30
28 	29
28 	32 	48 	49 	50 	51 	123 	124 	125 	126 	179 	357 	358 	359 	443 	464 	467 	468 	485 	486 	487 	534 	535 	786 	787 	942 	1099 	1100 	1134 	1135 	1196 	1404 	1425 	1426
28 	31 	50 	51 	123 	124 	125 	126 	534 	535 	616 	618 	619 	621 	708 	712 	713 	714 	715 	786 	787 	810 	1050 	1099 	1100 	1425 	1426
34 	35 	36 	37 	38
33 	35 	36 	37 	38
33 	34 	36 	37 	38
33 	34 	35 	37 	38
33 	34 	35 	36 	38
33 	34 	35 	36 	37
40
39
42 	43
41 	43 	577 	578 	579 	580
41 	42 	75 	180 	181 	182 	183 	408 	567 	1251 	1252 	1253
45 	46 	47
44 	46 	47 	204 	205 	206
44 	45 	47
44 	45 	46
31 	49 	50 	51 	52 	53 	54 	55 	942
31 	48 	50 	51
31 	32 	48 	49 	51 	124 	125 	126 	534 	535 	955 	956 	1211 	1350 	1351 	1352
28 	31 	32 	48 	49 	50 	124 	125 	126 	467 	468 	534 	535 	786 	787 	1099 	1100 	1134 	1135 	1404 	1425
48 	53 	86 	173 	522 	618 	833 	872 	1345
48 	52 	173 	522 	618 	833 	872 	1345
48 	55 	649
48 	54
57 	58
56 	58
56 	57
60 	61 	62 	344 	754 	755 	756 	757 	949 	999 	1000 	1001 	1002 	1435 	1436 	1437 	1438 	1439 	1440
59 	61 	62 	1435 	1436 	1437 	1438 	1439 	1440
59 	60 	62 	744 	745 	746 	747
59 	60 	61
64 	65
63 	65
63 	64
67 	68 	69 	93 	292 	669 	670 	709 	710 	913 	1007 	1008
66 	68 	69
66 	67 	69 	141 	142 	143 	149 	150 	669 	691 	692
66 	67 	68 	222 	423 	669 	693 	709 	710 	913
71 	72 	73
70 	72 	73
70 	71 	73
70 	71 	72 	499 	1269 	1460
75 	76 	77
43 	74 	76 	77 	114 	264 	287 	288 	289 	290 	291 	352 	353 	469 	607 	611 	708 	711 	800 	939 	1042 	1043 	1044 	1087 	1103 	1104 	1105
74 	75 	77
74 	75 	76
79 	80
78 	80 	536 	1379
78 	79
82 	83
81 	83
81 	82
85 	671
84 	671 	912 	926
52
88 	89
87 	89
87 	88
91 	92 	93 	94 	95 	96 	142 	213 	668
90 	92 	93 	94
90 	91 	93 	94 	95 	96 	142 	213 	661 	662 	663 	668 	1090 	1363 	1364
66 	90 	91 	92 	94 	95 	96 	292 	668 	669 	670
90 	91 	92 	93
90 	92 	93 	96 	668
90 	92 	93 	95
98 	99
97 	99
97 	98
101 	102
100 	102 	804
100 	101
104
103
106
105
108
107 	1078 	1079
110
109 	873 	874 	875 	876
112 	419 	421
111
114
75 	113 	523 	524 	525 	716 	717 	961 	1161
116 	117
115 	117
115 	116
119 	120 	722 	723 	724 	725
118 	120 	143 	494 	722 	723 	724 	725 	952 	953 	954 	1344
118 	119 	952 	953 	954
122
121
28 	31 	32 	192
31 	32 	50 	51 	125 	126 	534 	535 	1134 	1135
31 	32 	50 	51 	124 	126 	534 	535
31 	32 	50 	51 	124 	125 	534 	535
128
127 	204 	211 	557 	558 	559 	685
130
129
132 	133 	134 	135 	136 	137 	138 	139 	140
131 	133 	134 	135 	136 	137 	138 	139 	140
131 	132 	134 	135 	136 	137 	138 	139 	140
131 	132 	133 	135 	136 	137 	138 	139 	140
131 	132 	133 	134 	136 	137 	138 	139 	140
131 	132 	133 	134 	135 	137 	138 	139 	140
131 	132 	133 	134 	135 	136 	138 	139 	140
131 	132 	133 	134 	135 	136 	137 	139 	140
131 	132 	133 	134 	135 	136 	137 	138 	140
131 	132 	133 	134 	135 	136 	137 	138 	139
68 	142 	143 	144
68 	90 	92 	141 	143 	213 	264 	283 	479 	493 	494 	1090 	1091 	1127 	1233
68 	119 	141 	142 	213 	283 	312 	313 	493 	494 	900 	901 	1012 	1344
141 	494
146 	147 	148
145 	147 	148
145 	146 	148
145 	146 	147
68 	150
68 	149
152
151
154 	283 	298 	604 	605
153
156
155
158 	388
157
160 	161
159 	161
159 	160 	858
163 	164
162 	164
162 	163
166 	167
165 	167
165 	166 	865
169 	170
168 	170
168 	169
172
171
52 	53 	174 	175
173 	175
173 	174 	1078 	1297 	1298 	1299
177 	178
176 	178
176 	177 	540 	614 	615
31 	485 	486 	487
43 	181 	182 	183
43 	180 	182
43 	180 	181
43 	180 	892 	893 	1055 	1056 	1057 	1058 	1270 	1271
185 	186 	187 	188
184 	186 	187 	188
184 	185 	187 	188
184 	185 	186 	188
184 	185 	186 	187
190 	191
23 	24 	189 	191
23 	24 	189 	190
123 	283 	284 	285 	298 	299
194
193
196 	197 	1359 	1360
195 	197
195 	196
199 	200
198 	200
198 	199
202 	203
201 	203
201 	202
45 	128 	205 	206 	207 	208 	209 	210 	211 	212 	237 	238 	327 	328 	329 	493 	738 	972 	1336
45 	204 	206 	237 	238
45 	204 	205 	207 	208 	212 	237 	238 	972
204 	206 	208 	209 	210 	212 	325 	452 	658 	1063 	1186 	1187 	1278 	1279 	1280 	1281 	1433 	1434
204 	206 	207 	209 	210 	212
204 	207 	208 	210 	325 	1063
204 	207 	208 	209 	452
128 	204
204 	206 	207 	208 	972
90 	92 	142 	143 	493 	494
215
214 	1003
217 	218 	219
216 	218 	219
216 	217 	219
216 	217 	218
221 	222
220 	222
69 	220 	221
224
223
226 	227 	1380 	1381 	1382 	1383
225
225
229
228 	866 	1397 	1398 	1399
231 	232 	233 	415 	490 	1136
230 	415 	490
230
230 	396 	1045 	1046
235 	236
234 	236
234 	235
204 	205 	206 	238
204 	205 	206 	237 	327 	328 	329
240 	241 	935
239 	241 	935
239 	240
243 	1082 	1083
242 	1082 	1083
245
244
247 	248 	249 	250 	251 	252 	253
246 	248 	249 	250 	251 	252 	253 	881 	882
246 	247 	249 	250 	251 	252 	253
246 	247 	248 	250 	251 	252 	253 	289 	848 	881 	882
246 	247 	248 	249 	251 	252 	253 	289 	848 	881 	882
246 	247 	248 	249 	250 	252 	253
246 	247 	248 	249 	250 	251 	253 	289 	848 	881 	882
246 	247 	248 	249 	250 	251 	252
255
254
257 	258
256 	258
256 	257 	574 	575 	576
260 	261
259 	261 	383 	384 	385 	386 	387 	566
259 	260 	383 	384 	385 	386 	387 	566
263 	264 	265 	266 	267 	268
262 	264 	265 	266 	267 	268
75 	142 	262 	263 	265 	266 	267 	268 	547 	548 	549 	1006 	1091 	1233 	1234 	1235 	1335
262 	263 	264 	266 	267 	268 	430
262 	263 	264 	265 	267 	268 	547 	1335
262 	263 	264 	265 	266 	268
262 	263 	264 	265 	266 	267
270 	271 	272
269 	271
269 	270 	272
269 	271
274 	275
273 	275
273 	274
277 	695 	696 	697 	869 	870 	1182 	1258 	1259
276 	695 	696 	697 	699 	805 	869 	870 	959 	960 	1182 	1258 	1259 	1346 	1347 	1348 	1349 	1427 	1428 	1429
279 	280 	281 	282
278
278 	281 	282
278 	280 	282
278 	280 	281 	909 	1378
142 	143 	153 	192 	284 	285 	286 	298 	299 	442 	604 	605
192 	283 	285 	286 	1094
192 	283 	284 	478 	957 	1300 	1301
283 	284
75 	288 	289 	290 	291
75 	287 	289 	290
75 	249 	250 	252 	287 	288 	290 	561 	848
75 	287 	288 	289 	291 	970 	971 	1424
75 	287 	290 	353 	469 	470 	472
66 	93
294
293
296 	297
295 	297 	1282
295 	296
153 	192 	283 	299 	604 	605
192 	283 	298
301
300 	401
303 	304 	305 	306 	307 	1175
302 	304 	305 	1175
302 	303 	305
302 	303 	304 	306 	307
302 	305 	307
302 	305 	306
309 	310 	311
28 	308 	310 	311 	384 	397 	398 	567 	834 	1098 	1288 	1289 	1290 	1291 	1292
308 	309 	311 	384 	397 	1098
308 	309 	310 	522 	1274
143 	313 	1121 	1122 	1123 	1124
143 	312
315 	316 	317
314 	316 	317
314 	315 	317
314 	315 	316
319
318 	598 	1443 	1444 	1445 	1446
321 	322 	323
320 	322 	323
320 	321 	323
320 	321 	322
325 	326 	653
207 	209 	324 	326 	658 	1063 	1278 	1279 	1280 	1281
324 	325
204 	238 	328 	329
204 	238 	327 	329 	493 	738
204 	238 	327 	328
331 	332 	333 	334 	335
330 	332 	333 	334 	335
330 	331 	333 	334 	335 	650
330 	331 	332 	334 	335
330 	331 	332 	333 	335
330 	331 	332 	333 	334
337 	338
336 	338
336 	337
340 	341 	342 	343
339 	341 	342 	343
339 	340
339 	340 	343
339 	340 	342
59 	345 	346 	347 	754 	755 	756 	1000 	1240 	1241 	1242 	1243
344
344 	347
344 	346
349 	350
348 	350
348 	349
23 	24
75 	353
75 	291 	352 	711 	811 	812
355 	356
354 	356
354 	355
31 	358 	359 	360 	1169 	1196
31 	357 	359 	360 	1169 	1196
31 	357 	358 	360 	1169 	1196 	1238 	1239
357 	358 	359
362 	363
361 	363
361 	362
365 	366
364 	366
364 	365
368 	369 	370 	371 	372 	373 	374
367 	369 	370 	371 	372 	373 	374
367 	368 	370 	371 	372 	373 	374
367 	368 	369 	371 	372 	373 	374
367 	368 	369 	370 	372 	373 	374
367 	368 	369 	370 	371 	373 	374
367 	368 	369 	370 	371 	372 	374
367 	368 	369 	370 	371 	372 	373
376 	377 	378
375 	377 	378
375 	376 	378
375 	376 	377
380 	381 	382
379 	381 	382
379 	380 	382
379 	380 	381
260 	261 	384 	385 	386 	387
28 	260 	261 	309 	310 	383 	385 	386 	387 	397 	398 	834
260 	261 	383 	384 	386 	387 	566
260 	261 	383 	384 	385 	387
260 	261 	383 	384 	385 	386
157
390 	391 	392 	393 	394
389 	391 	392 	393
389 	390 	392 	393 	394
389 	390 	391 	393
389 	390 	391 	392 	394
389 	391 	393
396
233 	395 	861 	1045 	1046 	1139 	1140
309 	310 	384 	567 	1288 	1289 	1290 	1291 	1292
309 	384
400
399
301
403 	404
402 	404
402 	403
406 	407
405 	407
405 	406
43 	409 	1251 	1252
408
411 	412
410
410
414
413
230 	231
417 	418
416 	418
416 	417
111 	420 	421
419
111 	419
423
69 	422 	639 	640 	693 	694
425
424 	660
427 	428 	429
426 	428 	429
426 	427 	429
426 	427 	428
265
432 	433 	434 	435 	436 	437 	438
431 	433 	434 	435 	436 	437 	438
431 	432 	434 	435 	436 	437 	438
431 	432 	433 	435 	436 	437 	438
431 	432 	433 	434 	436 	437 	438
431 	432 	433 	434 	435 	437 	438
431 	432 	433 	434 	435 	436 	438
431 	432 	433 	434 	435 	436 	437
440 	441 	442
439 	441 	442
439 	440 	442
283 	439 	440 	441 	604
31 	444 	445
443 	445
443 	444
447 	448 	449 	450
446 	448 	449 	450
446 	447 	449 	450
446 	447 	448 	450
446 	447 	448 	449
452 	453 	920 	1014
207 	210 	451 	453 	920 	921 	1014 	1015
451 	452
455 	456 	457
454
454 	457
454 	456 	877
459 	460 	461
458 	460 	461
458 	459 	461 	1141 	1142 	1156 	1157
458 	459 	460 	977 	1150 	1151 	1152 	1153 	1339
463
462
31
466
465
31 	51 	468
31 	51 	467
75 	291 	470 	471 	472
291 	469
469
291 	469
474 	475
473 	475
473 	474 	731 	732 	1293 	1294
477
476
285
142 	480 	481 	482 	1127
479 	481
479 	480 	482
479 	481
484
483
31 	179 	486 	487
31 	179 	485 	487
31 	179 	485 	486
489
488
230 	231
492 	493 	494
491 	493 	494 	638
142 	143 	204 	213 	328 	491 	492 	494 	638 	738 	1010 	1011 	1012 	1013
119 	142 	143 	144 	213 	491 	492 	493 	900 	901 	1232 	1344
496
495
498
497
73 	500 	501 	502 	503 	504 	1269 	1460
499 	501 	502 	503 	695 	699 	1246
499 	500 	502 	503 	1216
499 	500 	501 	503
499 	500 	501 	502
499
506
505
508 	509 	510 	1408 	1409 	1410
507 	509 	510 	1408 	1409 	1410
507 	508 	510 	1408 	1409 	1410
507 	508 	509
512
511
514 	515 	516 	517 	518 	651 	652
513 	515
513 	514 	651 	652
513 	517 	518
513 	516 	518
513 	516 	517
520
519
522
52 	53 	311 	521 	1145 	1274
114 	524 	525
114 	523 	525
114 	523 	524 	961
527 	528
526 	528
526 	527
530 	531
529 	531
529 	530
533
532
31 	32 	50 	51 	124 	125 	126 	535
31 	32 	50 	51 	124 	125 	126 	534
79 	537 	538 	539
536 	538 	539
536 	537 	539
536 	537 	538
178 	614 	615
542
541
544
543
546
545
264 	266 	548 	549
264 	547
264 	547
551
550
553 	554
552 	554
552 	553
556
555
128 	558 	559
128 	557 	559
128 	557 	558 	685
561 	562 	563 	1092 	1093
289 	560 	562 	563 	1092 	1093
560 	561 	563 	1092 	1093
560 	561 	562
565
564
260 	261 	385
43 	309 	397
569 	739 	740
568
571
570
573
572
258 	575 	576
258 	574 	576
258 	574 	575
42 	578 	579 	580
42 	577
42 	577 	580
42 	577 	579
582
581
584
583
586 	587
585 	587
585 	586
589
588
591
590
593 	594 	595
592 	594 	595
592 	593 	595
592 	593 	594
597 	598
596 	598 	1452
319 	596 	597 	733 	734 	1443 	1444 	1445 	1446 	1447 	1452
600
599
602 	603
601 	603
601 	602
153 	283 	298 	442 	605 	606
153 	283 	298 	604
604
75
609 	672 	673
608
1313 	1314 	1315 	1316 	1317 	1318 	1319 	1320 	1321 	1322 	1323 	1324 	1325 	1326 	1327 	1328 	1329 	1330 	1331
75 	800
613
612
178 	540 	615
178 	540 	614
32 	617 	618 	619 	620 	621 	833
616 	618 	619
32 	52 	53 	616 	617 	619 	620 	621 	726 	808 	809 	810 	833 	1050
32 	616 	617 	618 	620 	621 	833
616 	618 	619
32 	616 	618 	619 	726 	1050
623 	624 	625
622 	624 	625
622 	623 	625
622 	623 	624
627 	628 	629 	630 	641 	741 	742 	743
626 	628 	629 	630 	641
626 	627 	629 	630
626 	627 	628 	630
626 	627 	628 	629
632
631
634 	635
633 	680
633
637
636
492 	493
423 	640
423 	639 	1430 	1431 	1432
626 	627
643 	644
642 	644
642 	643
646 	647 	648
645 	647 	648
645 	646 	648
645 	646 	647
54
332
513 	515 	652
513 	515 	651
324
655 	656 	657 	658 	659
654 	656 	657 	658 	659
654 	655 	657 	658 	659 	674 	675 	676 	677
654 	655 	656 	658 	659
207 	325 	654 	655 	656 	657 	659 	1063 	1278 	1279 	1280 	1281
654 	655 	656 	657 	658
425
92 	662 	663
92 	661 	663
92 	661 	662
665 	666 	667
664 	666 	667
664 	665 	667
664 	665 	666
90 	92 	93 	95
66 	68 	69 	93 	670
66 	93 	669
84 	85
608 	673
608 	672
656 	675 	676 	677
656 	674 	676 	677
656 	674 	675 	677
656 	674 	675 	676
679 	704 	705
678
634 	1237 	1338
682 	683 	684
681 	683 	684
681 	682 	684
681 	682 	683
128 	559
687
686
689 	690
688 	690
688 	689
68 	692
68 	691
69 	423
423
276 	277 	500 	696 	697 	698 	699 	869 	870 	1182 	1246
276 	277 	695 	697 	869 	870 	1182
276 	277 	695 	696 	1182 	1183 	1184 	1185
695
277 	500 	695 	959 	960 	1246
701
700
703
702
678 	705
678 	704
707
706
32 	75 	709 	710 	711 	712 	713 	714 	715 	716 	717 	727 	832 	1044
66 	69 	708 	710 	913
66 	69 	708 	709 	913
75 	353 	708
32 	708
32 	708 	714 	715 	716 	717 	726 	727 	728 	832
32 	708 	713 	715
32 	708 	713 	714
114 	708 	713 	717 	727 	832 	1161
114 	708 	713 	716 	727 	832 	1161
719 	720 	721
718 	720 	721
718 	719 	721
718 	719 	720
118 	119 	723 	724 	725
118 	119 	722 	724 	725
118 	119 	722 	723 	725
118 	119 	722 	723 	724
618 	621 	713 	727 	728 	1050
708 	713 	716 	717 	726 	728 	832
713 	726 	727
730
729
475 	732
475 	731
598 	734 	1447
598 	733
736 	737
735 	737
735 	736
204 	328 	493
568 	740
568 	739
626 	742 	743
626 	741 	743
626 	741 	742
61 	745 	746 	747
61 	744 	746 	747
61 	744 	745 	747
61 	744 	745 	746
749 	750 	751 	752 	753
748 	750 	751 	752 	753
748 	749 	751 	752 	753
748 	749 	750 	752 	753
748 	749 	750 	751 	753
748 	749 	750 	751 	752
59 	344 	755 	756 	757 	999 	1000 	1001 	1002
59 	344 	754 	756 	757 	949 	999 	1000 	1001 	1002
59 	344 	754 	755 	757 	999 	1000 	1001 	1002
59 	754 	755 	756
759
758
761
760
763 	764
762 	764
762 	763
766
765
768
767 	1086
770 	771 	772
769 	771 	772
769 	770 	772
769 	770 	771
774 	775 	776 	777 	778 	779 	780 	781 	782
773 	775 	776 	777 	778 	779 	780 	781 	782
773 	774 	776 	777 	778 	779 	780 	781 	782
773 	774 	775 	777 	778 	779 	780 	781 	782
773 	774 	775 	776 	778 	779 	780 	781 	782
773 	774 	775 	776 	777 	779 	780 	781 	782
773 	774 	775 	776 	777 	778 	780 	781 	782
773 	774 	775 	776 	777 	778 	779 	781 	782
773 	774 	775 	776 	777 	778 	779 	780 	782
773 	774 	775 	776 	777 	778 	779 	780 	781
784 	785
783 	785
783 	784
31 	32 	51
28 	31 	32 	51 	1099 	1100
789 	790
788 	790
788 	789 	1178 	1179 	1180 	1181 	1411
792 	793 	794
791 	793 	794
791 	792 	794
791 	792 	793
796
795
798 	799
797 	799
797 	798
75 	611
802 	803
801 	803
801 	802
101
277 	806 	807 	1346 	1347 	1348 	1349
805 	807
805 	806
618 	809
618 	808
32 	618
353 	812
353 	811
814 	815 	816 	817
813 	815 	816 	817
813 	814 	816 	817 	1174
813 	814 	815 	817
813 	814 	815 	816
819 	820 	821 	822
818 	820 	821 	822
818 	819 	821 	822
818 	819 	820 	822
818 	819 	820 	821
1231
825 	826
824 	826
824 	825
828
827
830 	831
829 	831
829 	830
708 	713 	716 	717 	727
52 	53 	616 	618 	619
28 	309 	384
836 	837 	838 	839
835 	837 	838 	839
835 	836 	838 	839
835 	836 	837 	839
835 	836 	837 	838
841 	842 	1213
840 	842
840 	841
844 	845
843 	845
843 	844
847
846
249 	250 	252 	289
850 	851
849 	851
849 	850
853 	854 	855 	856 	857
852 	854 	855 	856 	857 	935 	1109 	1110 	1111 	1112 	1113 	1114 	1115 	1116
852 	853 	855 	856 	857 	1109 	1114 	1115 	1116
852 	853 	854 	856 	857 	1109 	1114 	1115 	1116
852 	853 	854 	855 	857 	935 	1109 	1110 	1111 	1112 	1113 	1114 	1115 	1116 	1162 	1163
852 	853 	854 	855 	856
161
860
859
396
863 	864
862 	864
862 	863
167
229 	1397 	1398 	1399
868
867 	1302
276 	277 	695 	696 	870 	871 	1088 	1089 	1246 	1258 	1259
276 	277 	695 	696 	869 	1258 	1259
869
52 	53
110 	874 	875 	876
110 	873 	875 	876
110 	873 	874 	876
110 	873 	874 	875
457
879 	880
878 	880
878 	879
247 	249 	250 	252 	882
247 	249 	250 	252 	881
1
885 	1176 	1177
884
887
886
889 	890 	891
888 	890 	891
888 	889 	891
888 	889 	890
183 	893
183 	892 	1055 	1056 	1057 	1058
895 	896
894 	896
894 	895
898 	899
897 	899
897 	898
143 	494 	901
143 	494 	900
903 	904 	905 	906 	907
902 	904 	905 	906 	907
902 	903 	905 	906 	907
902 	903 	904 	906 	907
902 	903 	904 	905 	907
902 	903 	904 	905 	906
909
282 	908 	925 	936 	937 	938
911 	912
910 	912
85 	910 	911 	1049
66 	69 	709 	710
915
914
917 	918
916 	918
916 	917
920 	921 	922
451 	452 	919 	921 	922 	1014 	1015
452 	919 	920 	1015
919 	920
924
923
909
85
928
927
930 	931 	932 	933
929 	931 	932 	933
929 	930 	932 	933
929 	930 	931 	933
929 	930 	931 	932
935
239 	240 	853 	856 	934 	1109 	1110 	1111 	1112 	1113 	1384 	1393
909 	937 	938
909 	936 	938
909 	936 	937
75
941
940
31 	48
944
943 	976
946
945
948
947
59 	755 	1000
951 	1202 	1203 	1204 	1205
950 	1199 	1200 	1201 	1202 	1203 	1204 	1205
119 	120 	953 	954
119 	120 	952 	954
119 	120 	952 	953
50 	956
50 	955
285 	958 	1300 	1301
957
277 	699 	960
277 	699 	959
114 	525
963
962
965
964
967 	968 	969
966
966 	969
966 	968
290 	971
290 	970
204 	206 	212
974 	975
973 	975
973 	974
944
461
12 	979 	980 	981
12 	978 	980 	981
12 	978 	979 	981
12 	978 	979 	980
983
982
985 	986 	987 	988
984
984 	987 	988
984 	986 	988
984 	986 	987
990 	991 	992 	993 	994 	995 	996 	997 	998 	1296
989 	991 	992 	993 	994 	995 	996 	997 	998
989 	990 	992 	993 	994 	995 	996 	997 	998
989 	990 	991 	993 	994 	995 	996 	997 	998
989 	990 	991 	992 	994 	995 	996 	997 	998
989 	990 	991 	992 	993 	995 	996 	997 	998
989 	990 	991 	992 	993 	994 	996 	997 	998
989 	990 	991 	992 	993 	994 	995 	997 	998
989 	990 	991 	992 	993 	994 	995 	996 	998
989 	990 	991 	992 	993 	994 	995 	996 	997
59 	754 	755 	756 	1000 	1001 	1002
59 	344 	754 	755 	756 	949 	999 	1001 	1002
59 	754 	755 	756 	999 	1000 	1002
59 	754 	755 	756 	999 	1000 	1001
215
1005
1004
264
66 	1008
66 	1007
0 	1
493 	1011
493 	1010 	1012 	1013
143 	493 	1011
493 	1011
451 	452 	920
452 	920 	921
1017 	1018 	1019
1016 	1018 	1019
1016 	1017 	1019
1016 	1017 	1018
1021 	1022
1020 	1022
1020 	1021
1024 	1025
1023 	1025
1023 	1024
1027 	1028 	1029 	1030 	1031 	1032 	1033 	1034
1026 	1028 	1029 	1030 	1031 	1032 	1033 	1034
1026 	1027 	1029 	1030 	1031 	1032 	1033 	1034 	1247 	1248 	1295
1026 	1027 	1028 	1030 	1031 	1032 	1033 	1034
1026 	1027 	1028 	1029 	1031 	1032 	1033 	1034
1026 	1027 	1028 	1029 	1030 	1032 	1033 	1034
1026 	1027 	1028 	1029 	1030 	1031 	1033 	1034
1026 	1027 	1028 	1029 	1030 	1031 	1032 	1034
1026 	1027 	1028 	1029 	1030 	1031 	1032 	1033
1036
1035
1038 	1039 	1040 	1041
1037 	1039 	1040 	1041
1037 	1038 	1040 	1041
1037 	1038 	1039 	1041
1037 	1038 	1039 	1040 	1394 	1395 	1396
75 	1043
75 	1042
75 	708
233 	396 	1046
233 	396 	1045
1048
1047
912
32 	618 	621 	726
1052
1051
1054
1053
183 	893 	1056 	1057 	1058
183 	893 	1055 	1057
183 	893 	1055 	1056
183 	893 	1055
1060
1059
1062
1061 	1370 	1371
207 	209 	325 	658 	1186 	1187 	1278 	1279 	1280 	1281 	1433 	1434
1065 	1066 	1067 	1068
1064 	1066 	1067 	1068
1064 	1065 	1067 	1068
1064 	1065 	1066 	1068
1064 	1065 	1066 	1067
1070 	1071 	1072 	1073 	1074 	1075 	1076 	1077
1069 	1071 	1072 	1073 	1074 	1075 	1076 	1077
1069 	1070 	1072 	1073 	1074 	1075 	1076 	1077
1069 	1070 	1071 	1073 	1074 	1075 	1076 	1077
1069 	1070 	1071 	1072 	1074 	1075 	1076 	1077
1069 	1070 	1071 	1072 	1073 	1075 	1076 	1077
1069 	1070 	1071 	1072 	1073 	1074 	1076 	1077
1069 	1070 	1071 	1072 	1073 	1074 	1075 	1077
1069 	1070 	1071 	1072 	1073 	1074 	1075 	1076
108 	175 	1079 	1297 	1298 	1299
108 	1078
1081
1080
242 	243 	1083
242 	243 	1082
1085
1084
768
75
869 	1089
869 	1088
92 	142
142 	264 	1233
560 	561 	562 	1093
560 	561 	562 	1092
284
1096 	1097
1095 	1097
1095 	1096
309 	310
31 	32 	51 	787 	1100
31 	32 	51 	787 	1099
1102
1101
75 	1104 	1105
75 	1103 	1105
75 	1103 	1104
1107 	1108
1106 	1108
1106 	1107
853 	854 	855 	856 	935 	1110 	1111 	1112 	1113 	1114 	1115 	1116 	1162 	1163
853 	856 	935 	1109 	1111 	1112 	1113
853 	856 	935 	1109 	1110 	1112 	1113
853 	856 	935 	1109 	1110 	1111 	1113
853 	856 	935 	1109 	1110 	1111 	1112
853 	854 	855 	856 	1109 	1115 	1116
853 	854 	855 	856 	1109 	1114 	1116
853 	854 	855 	856 	1109 	1114 	1115
1118 	1119 	1120
1117 	1119 	1120
1117 	1118 	1120
1117 	1118 	1119
312 	1122 	1123 	1124
312 	1121 	1123 	1124
312 	1121 	1122 	1124
312 	1121 	1122 	1123
1126
1125
142 	479
1129 	1130
1128 	1130
1128 	1129
1132 	1133 	1236
1131
1131
31 	51 	124 	1135
31 	51 	124 	1134
230
1138
1137
396 	1140
396 	1139
460 	1142
460 	1141
1144
1143
522
1147
1146
1149
1148
461 	1151 	1152 	1153
461 	1150 	1152 	1153
461 	1150 	1151 	1153
461 	1150 	1151 	1152
1155
1154
460 	1157
460 	1156
1159 	1160
1158 	1160
1158 	1159
114 	716 	717
856 	1109 	1163
856 	1109 	1162
1165
1164
1167 	1168
1166 	1168
1166 	1167
357 	358 	359
1171 	1172 	1173
1170 	1172 	1173
1170 	1171 	1173
1170 	1171 	1172
815
302 	303
884 	1177
884 	1176
790 	1179 	1180 	1181
790 	1178 	1180 	1181
790 	1178 	1179 	1181
790 	1178 	1179 	1180
276 	277 	695 	696 	697
697 	1184 	1185
697 	1183 	1185
697 	1183 	1184
207 	1063 	1187
207 	1063 	1186
1189 	1190 	1191 	1192 	1254 	1255 	1256 	1257
1188 	1190 	1191 	1192
1188 	1189 	1191 	1192
1188 	1189 	1190 	1192
1188 	1189 	1190 	1191
1194 	1195
1193 	1195
1193 	1194 	1267 	1268
31 	357 	358 	359
1198
1197
951 	1200
951 	1199
951
950 	951 	1203 	1204 	1205
950 	951 	1202 	1204 	1205
950 	951 	1202 	1203 	1205
950 	951 	1202 	1203 	1204
1207
1206
1209 	1210 	1211 	1212
1208 	1210 	1211 	1212
1208 	1209 	1211 	1212
50 	1208 	1209 	1210 	1212 	1350 	1351 	1352
1208 	1209 	1210 	1211
840
1215
1214
501
1218 	1219
1217 	1219
1217 	1218
1221
1220
1223
1222
1225 	1226
1224 	1226
1224 	1225
1228 	1229 	1230
1227 	1229 	1230 	1303
1227 	1228 	1230
1227 	1228 	1229
823
494
142 	264 	1091
264 	1235
264 	1234
1131
680
359 	1239
359 	1238
344 	1241 	1242 	1243
344 	1240 	1242 	1243
344 	1240 	1241 	1243
344 	1240 	1241 	1242
1245
1244
500 	695 	699 	869 	1247 	1248 	1249
1028 	1246 	1248 	1295
1028 	1246 	1247 	1295
1246
1337
43 	408 	1252
43 	408 	1251
43
1188 	1255 	1256 	1257
1188 	1254 	1256 	1257
1188 	1254 	1255 	1257
1188 	1254 	1255 	1256
276 	277 	869 	870 	1259
276 	277 	869 	870 	1258
1261
1260
1263
1262
1265 	1266
1264 	1266
1264 	1265
1195 	1268
1195 	1267
73 	499
183 	1271
183 	1270
1273
1272
311 	522
1276 	1277
1275 	1277
1275 	1276
207 	325 	658 	1063 	1279 	1280 	1281
207 	325 	658 	1063 	1278 	1280 	1281
207 	325 	658 	1063 	1278 	1279 	1281
207 	325 	658 	1063 	1278 	1279 	1280
296
1284 	1285 	1286 	1287
1283 	1285 	1286 	1287
1283 	1284 	1286 	1287
1283 	1284 	1285 	1287
1283 	1284 	1285 	1286
309 	397 	1289 	1290 	1291 	1292
309 	397 	1288 	1290 	1291 	1292
309 	397 	1288 	1289 	1291 	1292
309 	397 	1288 	1289 	1290 	1292
309 	397 	1288 	1289 	1290 	1291
475 	1294
475 	1293
1028 	1247 	1248
989
175 	1078 	1298 	1299
175 	1078 	1297 	1299
175 	1078 	1297 	1298
285 	957 	1301
285 	957 	1300
868
1228
1305 	1306 	1307
1304 	1306 	1307
1304 	1305 	1307
1304 	1305 	1306
9 	1309
9 	1308
1311 	1312
1310 	1312
1310 	1311
610 	1314 	1315 	1316 	1317 	1318 	1319 	1320 	1321 	1322 	1323 	1324 	1325 	1326 	1327 	1328 	1329 	1330 	1331 	1332
610 	1313 	1315 	1316 	1317 	1318 	1319 	1320 	1321 	1322 	1323 	1324 	1325 	1326 	1327 	1328 	1329 	1330 	1331 	1332
610 	1313 	1314 	1316 	1317 	1318 	1319 	1320 	1321 	1322 	1323 	1324 	1325 	1326 	1327 	1328 	1329 	1330 	1331 	1332
610 	1313 	1314 	1315 	1317 	1318 	1319 	1320 	1321 	1322 	1323 	1324 	1325 	1326 	1327 	1328 	1329 	1330 	1331
610 	1313 	1314 	1315 	1316 	1318 	1319 	1320 	1321 	1322 	1323 	1324 	1325 	1326 	1327 	1328 	1329 	1330 	1331
610 	1313 	1314 	1315 	1316 	1317 	1319 	1320 	1321 	1322 	1323 	1324 	1325 	1326 	1327 	1328 	1329 	1330 	1331
610 	1313 	1314 	1315 	1316 	1317 	1318 	1320 	1321 	1322 	1323 	1324 	1325 	1326 	1327 	1328 	1329 	1330 	1331
610 	1313 	1314 	1315 	1316 	1317 	1318 	1319 	1321 	1322 	1323 	1324 	1325 	1326 	1327 	1328 	1329 	1330 	1331
610 	1313 	1314 	1315 	1316 	1317 	1318 	1319 	1320 	1322 	1323 	1324 	1325 	1326 	1327 	1328 	1329 	1330 	1331
610 	1313 	1314 	1315 	1316 	1317 	1318 	1319 	1320 	1321 	1323 	1324 	1325 	1326 	1327 	1328 	1329 	1330 	1331
610 	1313 	1314 	1315 	1316 	1317 	1318 	1319 	1320 	1321 	1322 	1324 	1325 	1326 	1327 	1328 	1329 	1330 	1331
610 	1313 	1314 	1315 	1316 	1317 	1318 	1319 	1320 	1321 	1322 	1323 	1325 	1326 	1327 	1328 	1329 	1330 	1331
610 	1313 	1314 	1315 	1316 	1317 	1318 	1319 	1320 	1321 	1322 	1323 	1324 	1326 	1327 	1328 	1329 	1330 	1331
610 	1313 	1314 	1315 	1316 	1317 	1318 	1319 	1320 	1321 	1322 	1323 	1324 	1325 	1327 	1328 	1329 	1330 	1331
610 	1313 	1314 	1315 	1316 	1317 	1318 	1319 	1320 	1321 	1322 	1323 	1324 	1325 	1326 	1328 	1329 	1330 	1331
610 	1313 	1314 	1315 	1316 	1317 	1318 	1319 	1320 	1321 	1322 	1323 	1324 	1325 	1326 	1327 	1329 	1330 	1331
610 	1313 	1314 	1315 	1316 	1317 	1318 	1319 	1320 	1321 	1322 	1323 	1324 	1325 	1326 	1327 	1328 	1330 	1331
610 	1313 	1314 	1315 	1316 	1317 	1318 	1319 	1320 	1321 	1322 	1323 	1324 	1325 	1326 	1327 	1328 	1329 	1331
610 	1313 	1314 	1315 	1316 	1317 	1318 	1319 	1320 	1321 	1322 	1323 	1324 	1325 	1326 	1327 	1328 	1329 	1330
1313 	1314 	1315
1334
1333
264 	266
204
1250
680
461
1341 	1342 	1343
1340 	1342 	1343
1340 	1341 	1343
1340 	1341 	1342
119 	143 	494
52 	53
277 	805 	1347 	1348 	1349
277 	805 	1346 	1348 	1349
277 	805 	1346 	1347 	1349
277 	805 	1346 	1347 	1348
50 	1211 	1351 	1352
50 	1211 	1350 	1352
50 	1211 	1350 	1351
1354 	1355
1353 	1355
1353 	1354
1357 	1358
1356 	1358
1356 	1357
195 	1360
195 	1359
1362
1361
92 	1364
92 	1363
1366 	1367
1365 	1367
1365 	1366
1369
1368
1062 	1371
1062 	1370
1373 	1374 	1415 	1416 	1417
1372
1372 	1375 	1415 	1416 	1417
1374
1377
1376
282
79
225 	1381 	1382 	1383
225 	1380 	1382 	1383
225 	1380 	1381 	1383
225 	1380 	1381 	1382
935 	1385 	1386 	1387 	1388 	1389 	1393
1384 	1386 	1387 	1388 	1389
1384 	1385 	1387 	1388 	1389
1384 	1385 	1386 	1388 	1389
1384 	1385 	1386 	1387 	1389
1384 	1385 	1386 	1387 	1388
1391 	1392
1390 	1392
1390 	1391
935 	1384
1041 	1395 	1396
1041 	1394 	1396
1041 	1394 	1395
229 	866 	1398 	1399
229 	866 	1397 	1399
229 	866 	1397 	1398
1401
1400
1403
1402
31 	51
1406
1405
9
507 	508 	509 	1409 	1410
507 	508 	509 	1408 	1410
507 	508 	509 	1408 	1409
790
1413 	1414
1412 	1414
1412 	1413
1372 	1374 	1416 	1417
1372 	1374 	1415 	1417
1372 	1374 	1415 	1416
1419
1418
1421 	1422 	1423
1420 	1422 	1423
1420 	1421 	1423
1420 	1421 	1422
290
31 	32 	51 	1426
31 	32 	1425
277 	1428 	1429
277 	1427 	1429
277 	1427 	1428
640 	1431 	1432
640 	1430 	1432
640 	1430 	1431
207 	1063 	1434
207 	1063 	1433
59 	60 	1436 	1437 	1438 	1439 	1440
59 	60 	1435 	1437 	1438 	1439 	1440
59 	60 	1435 	1436 	1438 	1439 	1440
59 	60 	1435 	1436 	1437 	1439 	1440
59 	60 	1435 	1436 	1437 	1438 	1440
59 	60 	1435 	1436 	1437 	1438 	1439
1442
1441
319 	598 	1444 	1445 	1446
319 	598 	1443 	1445 	1446
319 	598 	1443 	1444 	1446
319 	598 	1443 	1444 	1445
598 	733
1449 	1450 	1451
1448 	1450 	1451
1448 	1449 	1451
1448 	1449 	1450
597 	598
1454
1453
1456
1455
1458 	1459
1457
1457
73 	499
